                -nan 	                 -nan 
                -nan 	                 -nan 
                -nan 	                 -nan 
                -nan 	                 -nan 
-13.9169793635137911 	  -5.1696395565468611 
-13.6818203436131824 	  -4.7226087345389969 
-13.4429068101516727 	  -4.2858114617301108 
-13.2015321222618258 	  -3.8600052097255970 
-12.9592155847886055 	  -3.4458974632664554 
-12.7177056721730324 	  -3.0441190250925536 
-12.4789754529884611 	  -2.6551945581461145 
-12.2452086255256098 	  -2.2795112333063905 
-12.0187747968777199 	  -1.9172867970873262 
-11.8021930955209609 	  -1.5685385778605281 
-11.5980837912945542 	  -1.2330553736549086 
-11.4091083991339328 	  -0.9103743083934676 
-11.2378996614521594 	  -0.5997647752900549 
-11.0869837761861820 	  -0.3002215616622160 
-10.9586982057751694 	  -0.0104688210555550 
-10.8551092173168886 	   0.2710239317687672 
-10.7779338726295233 	   0.5460135728095319 
-10.7284714716960323 	   0.8164422288295287 
-10.7075491708797479 	   1.0843865192489155 
-10.7154858011527008 	   1.3519985512187149 
-10.7520769664737301 	   1.6214409254816078 
-10.8166026788588674 	   1.8948213927390185 
-10.9078572634968882 	   2.1741301211146919 
-11.0241994373142607 	   2.4611836308765862 
-11.1636189336496745 	   2.7575786310356198 
-11.3238148995001158 	   3.0646580962823786 
-11.5022807114748673 	   3.3834906955364858 
-11.6963898095854386 	   3.7148636135273159 
-11.9034776426109143 	   4.0592877432367329 
-12.1209157282542996 	   4.4170133736881256 
-12.3461749251607813 	   4.7880541097667884 
-12.5768762583188476 	   5.1722164250326230 
-12.8108287466916391 	   5.5691323915735458 
-13.0460546348817115 	   5.9782933884903446 
-13.2808031596390244 	   6.3990829535306881 
                -nan 	                 -nan 
                -nan 	                 -nan 
                -nan 	                 -nan 
                -nan 	                 -nan 
-13.6580721251847361 	  -6.0861957424544748 
-13.4331590068130549 	  -5.6151384898990324 
-13.2015195822306879 	  -5.1527255905434490 
-12.9639630105201071 	  -4.6998400892794354 
-12.7215190007932168 	  -4.2573720557648382 
-12.4754572798814802 	  -3.8261976359515861 
-12.2273027045061919 	  -3.4071535639161428 
-11.9788440290033069 	  -3.0010072456551642 
-11.7321341851770260 	  -2.6084229085723440 
-11.4894799435049801 	  -2.2299247088306378 
-11.2534190325614905 	  -1.8658581195975399 
-11.0266832004665787 	  -1.5163515729875929 
-10.8121464578863495 	  -1.1812804995277297 
-10.6127586391688364 	  -0.8602364652873140 
-10.4314655931370339 	  -0.5525041876557663 
-10.2711185948734727 	  -0.2570490153423140 
-10.1343768298754764 	   0.0274824833918727 
-10.0236080068773603 	   0.3027472959908908 
 -9.9407929986748265 	   0.5706752629381943 
 -9.8874409413990367 	   0.8334221811728869 
 -9.8645210275643649 	   1.0933098881187180 
 -9.8724164540459078 	   1.3527552937236111 
 -9.9109047300971174 	   1.6141915974830088 
 -9.9791662427907379 	   1.8799883021718578 
-10.0758208207903159 	   2.1523744699703369 
-10.1989895803106538 	   2.4333704501919291 
-10.3463771644790725 	   2.7247326395260525 
-10.5153680585999822 	   3.0279140230745014 
-10.7031298580387855 	   3.3440419977865230 
-10.9067164632145115 	   3.6739132284967972 
-11.1231650050528970 	   4.0180038063775712 
-11.3495815652377789 	   4.3764921558070800 
-11.5832124314685654 	   4.7492913126291452 
-11.8214992185227228 	   5.1360872043595380 
-12.0621176670246744 	   5.5363797364974650 
-12.3030011205804968 	   5.9495239263446553 
-12.5423504976530396 	   6.3747689488435153 
-12.7786330521867306 	   6.8112935832069068 
-13.0105723853180955 	   7.2582371440237248 
                -nan 	                 -nan 
-13.1719206384470127 	  -6.5721296148389481 
-12.9560521503907964 	  -6.0870874400903556 
-12.7318759130873893 	  -5.6096536105565562 
-12.4999029003376680 	  -5.1407653744039363 
-12.2608531714525704 	  -4.6814006586245434 
-12.0156839250881013 	  -4.2325617815052308 
-11.7656156757615840 	  -3.7952538806937524 
-11.5121545358250046 	  -3.3704576650597344 
-11.2571082027581895 	  -2.9590963968445791 
-11.0025929675561240 	  -2.5619974120406619 
-10.7510289283586697 	  -2.1798490522136817 
-10.5051207359041356 	  -1.8131544017627115 
-10.2678215892155773 	  -1.4621840045925387 
-10.0422790039788730 	  -1.1269302073476029 
 -9.8317619680317812 	  -0.8070663905212132 
 -9.6395705302623647 	  -0.5019146462458776 
 -9.4689305129815047 	  -0.2104254035444732 
 -9.3228777387595922 	   0.0688275139176148 
 -9.2041378272655958 	   0.3376338868836445 
 -9.1150089367743163 	   0.5981146186556666 
 -9.0572557397111364 	   0.8526686844752954 
 -9.0320229489874393 	   1.1039024403696223 
 -9.0397759128793638 	   1.3545438704597046 
 -9.0802741634118860 	   1.6073462178903140 
 -9.1525808184257578 	   1.8649890263153246 
 -9.2551076624425885 	   2.1299830607508481 
 -9.3856922796138793 	   2.4045862985719455 
 -9.5417006233288681 	   2.6907370300632745 
 -9.7201464139002063 	   2.9900078533282639 
 -9.9178178149414506 	   3.3035822507982764 
-10.1314021590979841 	   3.6322530169783258 
-10.3576008126130716 	   3.9764398591533570 
-10.5932282228736252 	   4.3362222696743675 
-10.8352915189163905 	   4.7113830064772735 
-11.0810492178781548 	   5.1014576326129948 
-11.3280495202890314 	   5.5057859592492990 
-11.5741500901632826 	   5.9235620448218524 
-11.8175221253849720 	   6.3538802883956027 
-12.0566419468935244 	   6.7957760399632106 
-12.2902733682712881 	   7.2482599261208875 
-12.6821408049651279 	  -7.0844762764313804 
-12.4786858858953664 	  -6.5865024632560374 
-12.2657388236210938 	  -6.0949208359102620 
-12.0435035302460527 	  -5.6106723280712263 
-11.8123665818222303 	  -5.1347686945721867 
-11.5729310396670471 	  -4.6682826532026365 
-11.3260512196476864 	  -4.2123326928912332 
-11.0728667212694454 	  -3.7680616508747855 
-10.8148334546717990 	  -3.3366083361510088 
-10.5537488395517673 	  -2.9190717807813540 
-10.2917678662054879 	  -2.5164681590319264 
-10.0314063913300640 	  -2.1296810650511291 
 -9.7755280171642021 	  -1.7594065944648281 
 -9.5273112580656250 	  -1.4060954929696918 
 -9.2901944742194207 	  -1.0698956385829219 
 -9.0677973766871034 	  -0.7505986619865589 
 -8.8638195886500846 	  -0.4475952512405402 
 -8.6819188377496186 	  -0.1598437654555036 
 -8.5255736032262508 	   0.1141432360415554 
 -8.3979373282772691 	   0.3762906892023172 
 -8.3016933316273445 	   0.6289282728665061 
 -8.2389211247564234 	   0.8747313112938712 
 -8.2109853535149941 	   1.1166376708538486 
 -8.2184579138823892 	   1.3577437206604246 
 -8.2610817290223579 	   1.6011852529327923 
 -8.3377807119680423 	   1.8500134584184555 
 -8.4467159478588130 	   2.1070753862439902 
 -8.5853831379232002 	   2.3749090230093968 
 -8.7507421098414024 	   2.6556613027529048 
 -8.9393664199671612 	   2.9510342805169607 
 -9.1476000318661388 	   3.2622613097883866 
 -9.3717088513850690 	   3.5901115481884043 
 -9.6080169977626557 	   3.9349186267321659 
 -9.8530207541836354 	   4.2966274764608317 
-10.1034763560736121 	   4.6748528470033053 
-10.3564607919461533 	   5.0689433214819157 
-10.6094072164531799 	   5.4780455420683207 
-10.8601182358851513 	   5.9011646270162732 
-11.1067612436656855 	   6.3372180716962614 
-11.3478502521964977 	   6.7850816325324121 
-11.5822184469934797 	   7.2436266929257060 
-11.9937649372422204 	  -7.1135659672159290 
-11.7954313279152974 	  -6.6092047214856917 
-11.5867873514805346 	  -6.1108002519952542 
-11.3678887916516427 	  -5.6193399721983130 
-11.1389711501277144 	  -5.1359028581843127 
-10.9004891087125060 	  -4.6616523544685178 
-10.6531585950180343 	  -4.1978233767164026 
-10.3979997498642991 	  -3.7457021614078752 
-10.1363783665043954 	  -3.3065977874563743 
 -9.8700425718744675 	  -2.8818044867969670 
 -9.6011507643407104 	  -2.4725543603486222 
 -9.3322862327403744 	  -2.0799608432364614 
 -9.0664535958154424 	  -1.7049542504256603 
 -8.8070524036588260 	  -1.3482117879766660 
 -8.5578239902396671 	  -1.0100856793102573 
 -8.3227690987750940 	  -0.6905340241921381 
 -8.1060358016293623 	  -0.3890599297057368 
 -7.9117797734285418 	  -0.1046648755458041 
 -7.7440018603733733 	   0.1641776111589913 
 -7.6063709799526702 	   0.4195223693240745 
 -7.5020434264495810 	   0.6639226302868176 
 -7.4334923720567856 	   0.9003661592796205 
 -7.4023629004939613 	   1.1321784941502118 
 -7.4093677770156550 	   1.3628963780278689 
 -7.4542366756908418 	   1.5961189142809824 
 -7.5357261332996357 	   1.8353495936109030 
 -7.6516906808932443 	   2.0838431637783250 
 -7.7992080933467287 	   2.3444721135595681 
 -7.9747454781795293 	   2.6196247458315374 
 -8.1743491169399398 	   2.9111420766743792 
 -8.3938400181539823 	   3.2202953454639855 
 -8.6289988493699195 	   3.5478008206972391 
 -8.8757274807198652 	   3.8938649712122970 
 -9.1301789614054041 	   4.2582510234002857 
 -9.3888523463740388 	   4.6403576944762275 
 -9.6486528221374197 	   5.0393017716588391 
 -9.9069205582358641 	   5.4539979188360368 
-10.1614335496654462 	   5.8832310537086130 
-10.4103904913228877 	   6.3257185344304299 
-10.6523796600443834 	   6.7801610059145725 
-10.8863391739872757 	   7.2452819396878079 
-11.3130932538517257 	  -7.1522112178352533 
-11.1213677957573989 	  -6.6413763758396493 
-10.9185806406874022 	  -6.1359488025685138 
-10.7046180334819727 	  -5.6369481723576804 
-10.4795366829485257 	  -5.1455081869088808 
-10.2436086750956097 	  -4.6628734555945943 
 -9.9973710909091960 	  -4.1903901170072935 
 -9.7416787691658175 	  -3.7294885253682155 
 -9.4777577759449372 	  -3.2816562042983577 
 -9.2072560172987323 	  -2.8483995902901711 
 -8.9322863516136248 	  -2.4311935230198771 
 -8.6554565623131019 	  -2.0314182860655934 
 -8.3798798974573270 	  -1.6502851504623899 
 -8.1091597669451883 	  -1.2887528465303624 
 -7.8473428420347879 	  -0.9474388420761155 
 -7.5988362300540180 	  -0.6265309444765710 
 -7.3682866976941783 	  -0.3257057297105684 
 -7.1604228171268680 	  -0.0440612608357144 
 -6.9798644046043874 	   0.2199282827168019 
 -6.8309075860527653 	   0.4684281089419176 
 -6.7172982885279211 	   0.7042215307656966 
 -6.6420116440248753 	   0.9306453189407934 
 -6.6070586287272972 	   1.1514794292681714 
 -6.6133427134059852 	   1.3707930256337715 
 -6.6605865897282239 	   1.5927559534091118 
 -6.7473411652133759 	   1.8214332387527881 
 -6.8710779930538246 	   2.0605839599680271 
 -7.0283542635160350 	   2.3134873020466675 
 -7.2150301882189858 	   2.5828136198685785 
 -7.4265135579822177 	   2.8705506892356083 
 -7.6580060850869316 	   3.1779861650799934 
 -7.9047297240188650 	   3.5057397412183446 
 -8.1621172466230885 	   3.8538333261932061 
 -8.4259581765281482 	   4.2217856698361924 
 -8.6924976950242101 	   4.6087182697571869 
 -8.9584913187283899 	   5.0134615662724222 
 -9.2212216648741663 	   5.4346533553127259 
 -9.4784854132547078 	   5.8708243844554042 
 -9.7285589702584296 	   6.3204686880491074 
 -9.9701506264266051 	   6.7820983532168135 
-10.2023458070441588 	   7.2542836937280351 
-10.6388675966397201 	  -7.2015076906852951 
-10.4553679980889331 	  -6.6842369509078265 
-10.2601601580959318 	  -6.1717028240202492 
-10.0529414583794683 	  -5.6649373660667237 
 -9.8335626701990968 	  -5.1651099085897556 
 -9.6020775706444788 	  -4.6735293240390448 
 -9.3587998053799346 	  -4.1916400446455917 
 -9.1043658585443001 	  -3.7210095627246349 
 -8.8398018313747944 	  -3.2633050400088961 
 -8.5665903960890191 	  -2.8202566122344432 
 -8.2867326983775893 	  -2.3936054915654053 
 -8.0027984882908889 	  -1.9850357968592296 
 -7.7179565445869436 	  -1.5960904293248539 
 -7.4359768831299853 	  -1.2280731412314148 
 -7.1611966070652420 	  -0.8819409406887958 
 -6.8984426599617610 	  -0.5581929836304257 
 -6.6529071441680170 	  -0.2567635426732363 
 -6.4299739479216100 	   0.0230723467448577 
 -6.2349990760710865 	   0.2827714792267986 
 -6.0730515598640764 	   0.5245633754373731 
 -5.9486279081623978 	   0.7514488100521370 
 -5.8653612902107435 	   0.9671439141182530 
 -5.8257555585640421 	   1.1759608618465458 
 -5.8309802458633211 	   1.3826220015307480 
 -5.8807607701979183 	   1.5920167731844259 
 -5.9733854530088637 	   1.8089263763527392 
 -6.1058312086736182 	   2.0377507523236456 
 -6.2739891306282836 	   2.2822747862838519 
 -6.4729568557830435 	   2.5455020439839409 
 -6.6973591179354335 	   2.8295699342999985 
 -6.9416604608342078 	   3.1357447641404508 
 -7.2004417441943422 	   3.4644834320950184 
 -7.4686220992957306 	   3.8155420810252383 
 -7.7416180901400660 	   4.1881108291299629 
 -8.0154405683529735 	   4.5809560610601112 
 -8.2867361013111154 	   4.9925561329096526 
 -8.5527836154172974 	   5.4212212419487500 
 -8.8114582811384849 	   5.8651926232267151 
 -9.0611741311523719 	   6.3227198320623854 
 -9.3008153160441100 	   6.7921172079327086 
 -9.5296637007241092 	   7.2718021078418973 
 -9.9694442741413631 	  -7.2625710526915110 
 -9.7958974566675892 	  -6.7390619453671921 
 -9.6101456079317877 	  -6.2194954707119310 
 -9.4116824091385958 	  -5.7048897090050321 
 -9.2001285890515128 	  -5.1964225539380084 
 -8.9752847270447482 	  -4.6954408578154094 
 -8.7371942300662084 	  -4.2034638266145850 
 -8.4862160175078731 	  -3.7221778910038630 
 -8.2231051898362253 	  -3.2534198218545911 
 -7.9490982244559936 	  -2.7991447339153455 
 -7.6659972259970557 	  -2.3613757668862920 
 -7.3762455179218769 	  -1.9421331698821056 
 -7.0829849173092416 	  -1.5433420665114974 
 -6.7900837932336220 	  -1.1667204799585138 
 -6.5021249629628679 	  -0.8136519226130676 
 -6.2243438430510860 	  -0.4850493051672976 
 -5.9625096781706572 	  -0.1812187161522305 
 -5.7227454313975858 	   0.0982680096444721 
 -5.5112843521821757 	   0.3546829497380601 
 -5.3341642336965460 	   0.5902238005401301 
 -5.1968669571576225 	   0.8080533116065195 
 -5.1039250516843264 	   1.0122748490641731 
 -5.0585382290819618 	   1.2078195693196228 
 -5.0622624409701569 	   1.4002271232881955 
 -5.1148366502442197 	   1.5953247914712543 
 -5.2141889144171945 	   1.7988424342812843 
 -5.3566222395715890 	   2.0160241055280324 
 -5.5371413591878111 	   2.2513012968212207 
 -5.7498604451242903 	   2.5080745696552560 
 -5.9884306289474143 	   2.7886211572072930 
 -6.2464375220616057 	   3.0941189280672394 
 -6.5177347295102530 	   3.4247594591521424 
 -6.7966950047091546 	   3.7799165407709188 
 -7.0783744627448204 	   4.1583382255621943 
 -7.3585960439883840 	   4.5583371040006115 
 -7.6339655631981511 	   4.9779616633594070 
 -7.9018371094908151 	   5.4151392831863152 
 -8.1602447419256698 	   5.8677876992113127 
 -8.4078154952728585 	   6.3338960188468301 
 -8.6436755635842690 	   6.8115789887536371 
 -8.8673581632710263 	   7.2991093486183267 
 -9.3027350826199608 	  -7.3364929379719479 
 -9.1409401083667277 	  -6.8071430785937848 
 -8.9666444423156104 	  -6.2808239801327730 
 -8.7791309235772523 	  -5.7585064923556120 
 -8.5777727541997582 	  -5.2413408762725773 
 -8.3620869784996845 	  -4.7306741901963436 
 -8.1318012118616174 	  -4.2280631407940730 
 -7.8869342110353733 	  -3.7352791570183874 
 -7.6278895644077904 	  -3.2543016571817915 
 -7.3555598263757380 	  -2.7872948669503179 
 -7.0714357877518452 	  -2.3365634869311593 
 -6.7777125753066567 	  -1.9044831238643241 
 -6.4773812758819593 	  -1.4934032714035568 
 -6.1742926817527568 	  -1.1055235731571742 
 -5.8731793283365281 	  -0.7427478674035110 
 -5.5796236671538093 	  -0.4065239852856412 
 -5.2999632146888782 	  -0.0976788272541917 
 -5.0411254720000001 	   0.1837433336439210 
 -4.8103834432526709 	   0.4386351022858979 
 -4.6150170121198340 	   0.6689695217536458 
 -4.4618648727203780 	   0.8779202555056173 
 -4.3567729731486180 	   1.0699219705849536 
 -4.3039982716239891 	   1.2506100287334661 
 -4.3056905910038177 	   1.4265780841281781 
 -4.3615981673925361 	   1.6049383680719027 
 -4.4690870948192520 	   1.7927466344152236 
 -4.6234597300094293 	   1.9964125085119488 
 -4.8184722311623558 	   2.2212209028693359 
 -5.0469291622006320 	   2.4710434483647421 
 -5.3012585357725603 	   2.7482552882477731 
 -5.5740078417697072 	   3.0538236905877834 
 -5.8582306669748432 	   3.3875121668503607 
 -6.1477534109543459 	   3.7481424794189366 
 -6.4373263936201477 	   4.1338675225537687 
 -6.7226748145843720 	   4.5424227135975324 
 -7.0004719063302971 	   4.9713375803996884 
 -7.2682587331214785 	   5.4181005913376925 
 -7.5243333180389174 	   5.8802780742429901 
 -7.7676275126655741 	   6.3555927550008677 
 -7.9975849261646976 	   6.8419695069524904 
 -8.2140483895479246 	   7.3375562178931393 
 -8.6361521679384676 	  -7.4242767597370545 
 -8.4879230921603153 	  -6.8897262709910718 
 -8.3271545520129777 	  -6.3571932669364779 
 -8.1529231440677936 	  -5.8275615722545853 
 -7.9643485564549961 	  -5.3019080149077036 
 -7.7606440338947076 	  -4.7815289316979221 
 -7.5411828950923949 	  -4.2679642402295572 
 -7.3055831333454053 	  -3.7630155640371075 
 -7.0538109599191907 	  -3.2687536452000998 
 -6.7863020698049272 	  -2.7875091024794081 
 -6.5040963001802350 	  -2.3218398490634606 
 -6.2089773159153809 	  -1.8744688229425270 
 -5.9036047063517794 	  -1.4481875754595961 
 -5.5916225867214058 	  -1.0457253970409459 
 -5.2777283355665503 	  -0.6695894853989656 
 -4.9676887625318313 	  -0.3218874814603393 
 -4.6682977877259688 	  -0.0041454973242252 
 -4.3872734862177829 	   0.2828720384317071 
 -4.1330814619728189 	   0.5393513160056537 
 -3.9146366565718842 	   0.7666536914037235 
 -3.7407921906743775 	   0.9675912688671203 
 -3.6195328727954630 	   1.1467029281921879 
 -3.5569264833624188 	   1.3103801963425579 
 -3.5561165679101094 	   1.4666498028694142 
 -3.6167612206363882 	   1.6245264557152763 
 -3.7351505462732639 	   1.7930620589492450 
 -3.9048910731905462 	   1.9803708260304509 
 -4.1178372986759406 	   2.1928953667889024 
 -4.3649944352956256 	   2.4350406130536091 
 -4.6372665046990935 	   2.7091568348970267 
 -4.9260266360345009 	   3.0157717745211512 
 -5.2235182806889053 	   3.3539568232096979 
 -5.5230996957542322 	   3.7217329790729350 
 -5.8193486111080484 	   4.1164532032007815 
 -6.1080525955005474 	   4.5351259092235887 
 -6.3861170596803696 	   4.9746658347702724 
 -6.6514235751909432 	   5.4320729131203702 
 -6.9026666678409114 	   5.9045481126320984 
 -7.1391900539138442 	   6.3895588012393931 
 -7.3608357675366003 	   6.8848666228050739 
 -7.5678132631465260 	   7.3885294776739370 
 -7.9665651804299573 	  -7.5267482679612581 
 -7.8336489856664695 	  -6.9879202044776543 
 -7.6884674921733156 	  -6.4500264644043268 
 -7.5299120774515673 	  -5.9138192217975325 
 -7.3568606007004060 	  -5.3802473819241845 
 -7.1682199665579382 	  -4.8504920600954113 
 -6.9629865880477126 	  -4.3260026656913464 
 -6.7403284909307919 	  -3.8085301672262268 
 -6.4996920353386161 	  -3.3001523266437136 
 -6.2409342958823046 	  -2.8032837051309683 
 -5.9644786377566472 	  -2.3206615247399145 
 -5.6714858497906153 	  -1.8552978764022732 
 -5.3640269663138191 	  -1.4103906887092685 
 -5.0452387489199557 	  -0.9891916370875952 
 -4.7194425408228753 	  -0.5948396387607939 
 -4.3922170090830086 	  -0.2301813664229421 
 -4.0704375157267352 	   0.1023926491505952 
 -3.7623197718962307 	   0.4010822758595086 
 -3.4774966767804796 	   0.6648219834925830 
 -3.2270501727301979 	   0.8935588430355905 
 -3.0231853574109770 	   1.0888206605781765 
 -2.8780473522114618 	   1.2545614234184730 
 -2.8014880371486024 	   1.3978833115120297 
 -2.7985598502409053 	   1.5289894371889348 
 -2.8682271935981136 	   1.6600586902248247 
 -3.0040694424609278 	   1.8034297481246786 
 -3.1962431086516507 	   1.9698448416964462 
 -3.4334344845986875 	   2.1673128968824900 
 -3.7041823504193689 	   2.4007332120724820 
 -3.9976467300773870 	   2.6721111137462312 
 -4.3040716927771516 	   2.9810997189208264 
 -4.6150761966807199 	   3.3256471226393645 
 -4.9238031814461856 	   3.7026124738461554 
 -5.2249333598472942 	   4.1082831120524528 
 -5.5145851624072613 	   4.5387695410836866 
 -5.7901375155221659 	   4.9902812063926625 
 -6.0500149530078122 	   5.4592999376014451 
 -6.2934676234141662 	   5.9426733656050548 
 -6.5203679957547935 	   6.4376506533022217 
 -6.7310358556935244 	   6.9418798994781303 
 -6.9260954757661777 	   7.4533824201933170 
 -7.2902836839991929 	  -7.6444364417810853 
 -7.1742492677287446 	  -7.1025680784145138 
 -7.0465859819436236 	  -6.5605314823640697 
 -6.9060421367147748 	  -6.0189015171289189 
 -6.7512901514754002 	  -5.4784393451068798 
 -6.5809554826901042 	  -4.9401349877289578 
 -6.3936633983588074 	  -4.4052542310225986 
 -6.1881089956959405 	  -3.8753870610749206 
 -5.9631557835614712 	  -3.3524924960623328 
 -5.7179666926335679 	  -2.8389316704487086 
 -5.4521676477397500 	  -2.3374777365198125 
 -5.1660370231459467 	  -1.8512887540905456 
 -4.8607044502365735 	  -1.3838305917387141 
 -4.5383320202151891 	  -0.9387448585313627 
 -4.2022475270342579 	  -0.5196764976534229 
 -3.8570185714496761 	  -0.1301090206196555 
 -3.5085216244795778 	   0.2267076540666187 
 -3.1641874348979493 	   0.5476518845202456 
 -2.8337409376384914 	   0.8294916909516687 
 -2.5306397471481370 	   1.0689154512596315 
 -2.2735128572325549 	   1.2636570083827017 
 -2.0851440433485262 	   1.4151724135849528 
 -1.9863206712134795 	   1.5314232965327588 
 -1.9867688409210997 	   1.6269836732426852 
 -2.0810986961086728 	   1.7200016754302248 
 -2.2534966904234155 	   1.8283602741955818 
 -2.4854312925861435 	   1.9667554290174467 
 -2.7601159801427775 	   2.1451359282542732 
 -3.0633756098370215 	   2.3685386004518589 
 -3.3832338799328041 	   2.6378942524907796 
 -3.7095916777831048 	   2.9511879947381847 
 -4.0341714807024625 	   3.3045652144529982 
 -4.3505250479262374 	   3.6932238726882320 
 -4.6539587942734046 	   4.1120665072157356 
 -4.9413493174990348 	   4.5561362339767832 
 -5.2108854699469740 	   5.0208777803356002 
 -5.4617865693246923 	   5.5022678439339270 
 -5.6940353122591008 	   5.9968554161165217 
 -5.9081472798659505 	   6.5017454511812041 
 -6.1049850551217411 	   7.0145509043803518 
 -6.2856160566096495 	   7.5333304165115660 
 -6.6030833177884558 	  -7.7774230803772406 
 -6.5051802488492561 	  -7.2340770394442746 
 -6.3966788915830524 	  -6.6895129372535163 
 -6.2762512009866835 	  -6.1440882566659036 
 -6.1424318356815970 	  -5.5983183631434672 
 -5.9936278542274977 	  -5.0529217460458113 
 -5.8281432712380496 	  -4.5088732826067845 
 -5.6442248130087762 	  -3.9674638735348671 
 -5.4401359864400733 	  -3.4303620574854174 
 -5.2142658032328733 	  -2.8996690014042663 
 -4.9652744810485103 	  -2.3779525514388760 
 -4.6922686211088358 	  -1.8682398255240242 
 -4.3949798541310949 	  -1.3739444852027447 
 -4.0738926152856267 	  -0.8987122429652421 
 -3.7302349098121574 	  -0.4462019406085214 
 -3.3657385930602941 	  -0.0199049865003788 
 -2.9821738374951141 	   0.3767287705132185 
 -2.5810616822206573 	   0.7393684360195687 
 -2.1650180155730308 	   1.0606071706691489 
 -1.7439076532932978 	   1.3273754504859396 
 -1.3484360442069794 	   1.5231772975223223 
 -1.0415025352327365 	   1.6427968951450511 
 -0.8968034722666384 	   1.7080407257197796 
 -0.9419073928491644 	   1.7528565220896508 
 -1.1367938937097031 	   1.7995910567847149 
 -1.4182043724112741 	   1.8655290953995598 
 -1.7418722932568722 	   1.9693840813325272 
 -2.0859967037638496 	   2.1249768955841071 
 -2.4395189052539132 	   2.3378590741499630 
 -2.7944978511438534 	   2.6070340994756465 
 -3.1439147697902587 	   2.9276924751941062 
 -3.4817246982581511 	   3.2932573053747705 
 -3.8032524717460774 	   3.6966665296507264 
 -4.1053494541515736 	   4.1311220772795361 
 -4.3862862665356532 	   4.5904887466712285 
 -4.6454969141463360 	   5.0694649366377469 
 -4.8832803942990415 	   5.5636106128886462 
 -5.1005238411750691 	   6.0692934053461940 
 -5.2984753531545650 	   6.5835946240758627 
 -5.4785722503820651 	   7.1042019199854600 
 -5.6423193249239834 	   7.6293041405013655 
 -5.9002998648972929 	  -7.9251657848848120 
 -5.8212915124275675 	  -7.3822057951965316 
 -5.7331095449549991 	  -6.8371235501506984 
 -5.6344407602637920 	  -6.2900344653245206 
 -5.5237844501954676 	  -5.7411637902827142 
 -5.3994393040339999 	  -5.1908871918947588 
 -5.2594985650153490 	  -4.6397814978735736 
 -5.1018591111390830 	  -4.0886852874927131 
 -4.9242514216630511 	  -3.5387660395482308 
 -4.7242969380509825 	  -2.9915849757523700 
 -4.4995940779784078 	  -2.4491412575775029 
 -4.2478176020720131 	  -1.9138631008621416 
 -3.9667757091154114 	  -1.3884965857553160 
 -3.6542822610408758 	  -0.8758341916043240 
 -3.3075273694111926 	  -0.3782606193967839 
 -2.9212993401934169 	   0.1027156301004513 
 -2.4838330597815661 	   0.5660855044684163 
 -1.9683391493963478 	   1.0069657229785935 
 -1.3195162940538672 	   1.3979093205601734 
 -0.4524793084501253 	   1.6283617010454448 
  0.6208788040893014 	   1.3893621779698249 
  1.3553081470977690 	   0.4372257971815438 
  1.4020190179468692 	  -0.0482577432663856 
  1.2476227206530477 	   0.7641002580674069 
  0.5123094060407746 	   1.5236395063861921 
 -0.2666114490520246 	   1.8158211438408092 
 -0.8830814659900723 	   1.9501320828208664 
 -1.3858164941484106 	   2.0972835787526272 
 -1.8272314661569180 	   2.3053049183444903 
 -2.2319850779742589 	   2.5794505321689027 
 -2.6083966319716967 	   2.9126701163070727 
 -2.9581027358740446 	   3.2950642810903781 
 -3.2808777027395237 	   3.7168686964635427 
 -3.5765802992655242 	   4.1694375806780242 
 -3.8457263554574808 	   4.6455176234529398 
 -4.0894907152433086 	   5.1392282853124520 
 -4.3095219539764003 	   5.6459159657177063 
 -4.5077349225393109 	   6.1619638764265208 
 -4.6861406152941534 	   6.6846000001869497 
 -4.8467259638672768 	   7.2117235594859350 
 -4.9913780241604693 	   7.7417577490467044 
 -5.1770185897271102 	  -8.0863106776858498 
 -5.1170045883874806 	  -7.5458238993195534 
 -5.0495869539588689 	  -7.0025624469683541 
 -4.9735763290069430 	  -6.4564024229948664 
 -4.8875695908295071 	  -5.9072650593268854 
 -4.7899151075808222 	  -5.3551430714368102 
 -4.6786766215382327 	  -4.8001356217086757 
 -4.5515983444769059 	  -4.2424920276233857 
 -4.4060744722669680 	  -3.6826610674777780 
 -4.2391245968744187 	  -3.1213352205544598 
 -4.0473670197420528 	  -2.5594634997782575 
 -3.8269502924681307 	  -1.9981763380969322 
 -3.5733117136625920 	  -1.4385124875191557 
 -3.2803775003941178 	  -0.8807567435568806 
 -2.9381004865188034 	  -0.3231315244752110 
 -2.5250275078797264 	   0.2401069920523484 
 -1.9848430442545080 	   0.8178141411480128 
 -1.1437966545601594 	   1.3851453242294620 
  0.5713111161517204 	   1.3818135278697150 
                 nan 	                  nan 
                -nan 	                 -nan 
                 nan 	                  nan 
                 nan 	                  nan 
                 nan 	                  nan 
                 nan 	                  nan 
  1.1850467902120847 	  -0.7188825746021965 
  0.3305826115937771 	   1.6806031065679088 
 -0.6105302392602884 	   2.0227972177699267 
 -1.2207419800751516 	   2.2614198260469358 
 -1.6978754207394489 	   2.5543315845697960 
 -2.1047293298390533 	   2.9090371315667567 
 -2.4627027539138600 	   3.3145234265089187 
 -2.7805049642503534 	   3.7587681749485191 
 -3.0629693250674617 	   4.2316293321588123 
 -3.3137965920253691 	   4.7251367865148062 
 -3.5363374442916777 	   5.2332286459646742 
 -3.7337503036554076 	   5.7513848365852622 
 -3.9089862137540288 	   6.2762815804443939 
 -4.0647484444620110 	   6.8055012261335204 
 -4.2034676395545869 	   7.3373018358801820 
 -4.3272975711559543 	   7.8704400959508352 
 -4.4283823880181146 	  -8.2585287530914133 
 -4.3866402789730508 	  -7.7226785743642399 
 -4.3394980007424824 	  -7.1837547682085949 
 -4.2860005590342025 	  -6.6414353140696099 
 -4.2249886809530164 	  -6.0953720282627675 
 -4.1550508415731686 	  -5.5451936087408491 
 -4.0744641448134047 	  -4.9905101775981979 
 -3.9811214492037057 	  -4.4309172618724535 
 -3.8724402292435736 	  -3.8659924141720472 
 -3.7452425540719938 	  -3.2952661086911683 
 -3.5955760746350749 	  -2.7181213505273170 
 -3.4183845183259733 	  -2.1335138126487094 
 -3.2067409364272508 	  -1.5392621557696426 
 -2.9497060139752711 	  -0.9303444740590684 
 -2.6254767471086624 	  -0.2950335182001220 
 -2.1759764565310689 	   0.3922943113302232 
 -1.3880215417296884 	   1.1605864696719965 
  0.8205105982620814 	   1.1929389689135586 
                 nan 	                  nan 
                 nan 	                  nan 
                -nan 	                 -nan 
                 nan 	                  nan 
                 nan 	                  nan 
                 nan 	                  nan 
                 nan 	                  nan 
                 nan 	                  nan 
  0.2315235813957113 	  -1.3360972376661271 
  0.3059248639809449 	   1.7604333119283118 
 -0.6240008842761179 	   2.1882709190009400 
 -1.1992712146228710 	   2.5316307834588296 
 -1.6350229492501083 	   2.9218032987377853 
 -1.9929689774141874 	   3.3579667976226162 
 -2.2963147473496224 	   3.8283721269564794 
 -2.5567410502343146 	   4.3226460062419880 
 -2.7817829477944325 	   4.8330003810650490 
 -2.9771081581042194 	   5.3538570811789743 
 -3.1472977357985510 	   5.8813038889528979 
 -3.2961573814344804 	   6.4126320533996468 
 -3.4268756049719529 	   6.9459856517346417 
 -3.5421284329328890 	   7.4801070781961956 
 -3.6441617137364544 	   8.0141560666664819 
 -3.6500243933869179 	  -8.4384307782055306 
 -3.6249167895166492 	  -7.9092355555154441 
 -3.5964680209709337 	  -7.3770895468218258 
 -3.5640431985724934 	  -6.8415557438525916 
 -3.5268528846963916 	  -6.3021105255555714 
 -3.4839076551510311 	  -5.7581198353487819 
 -3.4339567714691848 	  -5.2088046734699232 
 -3.3754037595116912 	  -4.6531876660534737 
 -3.3061862775842816 	  -4.0900034790793374 
 -3.2235948521925417 	  -3.5175350930724529 
 -3.1239704279763010 	  -2.9332880354797948 
 -3.0021154971221882 	  -2.3332891090573322 
 -2.8498964994038500 	  -1.7104644041075892 
 -2.6521338495427704 	  -1.0506310287790661 
 -2.3714552621123053 	  -0.3220890259592268 
 -1.8738805586151017 	   0.5482858209382651 
 -0.3440811750921907 	   1.5016193732503029 
                 nan 	                  nan 
                 nan 	                  nan 
                 nan 	                  nan 
                -nan 	                 -nan 
                 nan 	                  nan 
                 nan 	                  nan 
                 nan 	                  nan 
                 nan 	                  nan 
                 nan 	                  nan 
                 nan 	                  nan 
  1.2470929585915329 	   0.9225013735667371 
 -0.0761638904839282 	   2.0727101480851937 
 -0.7512250472184533 	   2.5178319183768316 
 -1.2001417571373987 	   2.9603206027920619 
 -1.5422118955965169 	   3.4340050784799194 
 -1.8178830259558594 	   3.9323310109765721 
 -2.0460069059258141 	   4.4469465332444384 
 -2.2376765374488636 	   4.9715885186923288 
 -2.4004292484038956 	   5.5019891633672815 
 -2.5398056334718033 	   6.0353373421922889 
 -2.6600514216755173 	   6.5698170596424292 
 -2.7644957713767324 	   7.1042764923827715 
 -2.8557863736691655 	   7.6380027849815502 
 -2.9360501320841501 	   8.1705716603455869 
 -2.8385927614339370 	  -8.6216308536535724 
 -2.8275957941143242 	  -8.1006891953767948 
 -2.8151475311539889 	  -7.5773417022325331 
 -2.8009639320379156 	  -7.0511495736329106 
 -2.7846865372638367 	  -6.5215576893206171 
 -2.7658574404773968 	  -5.9878509926834047 
 -2.7438833635446418 	  -5.4490879213674202 
 -2.7179822372016615 	  -4.9039942246356745 
 -2.6870995602615828 	  -4.3507843889956943 
 -2.6497668887466084 	  -3.7868417586848415 
 -2.6038333931108131 	  -3.2081011765433098 
 -2.5458693512914232 	  -2.6077485299983638 
 -2.4695494101869082 	  -1.9731853589067248 
 -2.3601212917847612 	  -1.2780358475974976 
 -2.1692282559401947 	  -0.4580837581790910 
 -1.6391391386059664 	   0.6602356027178943 
  1.1302706788812773 	  -0.7295064726167719 
                 nan 	                  nan 
                 nan 	                  nan 
                 nan 	                  nan 
                -nan 	                 -nan 
                 nan 	                  nan 
                 nan 	                  nan 
                 nan 	                  nan 
                 nan 	                  nan 
                 nan 	                  nan 
                 nan 	                  nan 
  1.3487631589876599 	  -0.4717030897443556 
  0.3332443476162594 	   1.9580113574963860 
 -0.3699702130922122 	   2.5353965130197915 
 -0.7935958027829305 	   3.0400392009913020 
 -1.0958597860201096 	   3.5527501853163641 
 -1.3283370687707716 	   4.0763483810027008 
 -1.5142028143987953 	   4.6068480887968830 
 -1.6663805255577733 	   5.1407994981175671 
 -1.7930937641329296 	   5.6759059833792342 
 -1.9000039699837863 	   6.2107599753859555 
 -1.9912019424224079 	   6.7445451916466563 
 -2.0697389961006141 	   7.2768200995589840 
 -2.1379431076783471 	   7.8073752559875338 
 -2.1976214220833206 	   8.3361423627572719 
 -1.9922795498612638 	  -8.8030212789374112 
 -1.9921766852311009 	  -8.2912400953687282 
 -1.9921201278038869 	  -7.7779274914014840 
 -1.9921328287310409 	  -7.2627554689701439 
 -1.9922479952326684 	  -6.7452922363897239 
 -1.9925143067656086 	  -6.2249563604662210 
 -1.9930035975736329 	  -5.7009437620299126 
 -1.9938224040869339 	  -5.1721063677877206 
 -1.9951283128940043 	  -4.6367400666591108 
 -1.9971490869331427 	  -4.0921912150520088 
 -2.0001870014617094 	  -3.5340708421597591 
 -2.0045181978806310 	  -2.9545355999183669 
 -2.0097393316867693 	  -2.3380632477376762 
 -2.0110598155528452 	  -1.6493536470429750 
 -1.9743537774950721 	  -0.7907562246709876 
 -1.5630522849945276 	   0.5779736390509708 
                 nan 	                  nan 
                 nan 	                  nan 
                 nan 	                  nan 
                 nan 	                  nan 
                -nan 	                 -nan 
                 nan 	                  nan 
                 nan 	                  nan 
                 nan 	                  nan 
                 nan 	                  nan 
                 nan 	                  nan 
                 nan 	                  nan 
  1.4055874704960598 	  -0.3678915404561725 
  0.5473384897433972 	   1.9615231015419985 
 -0.0454945760750546 	   2.6223657205849156 
 -0.3909199855516411 	   3.1790249129308181 
 -0.6277636501132120 	   3.7218527424845496 
 -0.8038861882453038 	   4.2618368612662163 
 -0.9410776739476273 	   4.8000835936888810 
 -1.0512427752056772 	   5.3363332420535841 
 -1.1416770761605652 	   5.8703176347847039 
 -1.2171974641930130 	   6.4019332352848766 
 -1.2811502215712274 	   6.9312084662053381 
 -1.3359469827437029 	   7.4582514746774269 
 -1.3833751535786361 	   7.9832109910930145 
 -1.4247892321270854 	   8.5062514575480055 
 -1.1112118931509161 	  -8.9772736326054510 
 -1.1184531234520718 	  -8.4746847839490211 
 -1.1266921858926746 	  -7.9715889461939566 
 -1.1361482246374031 	  -7.4678408559016454 
 -1.1471088467442860 	  -6.9632384288214295 
 -1.1599587579247581 	  -6.4574935386894126 
 -1.1752238439540934 	  -5.9501834634643993 
 -1.1936411599747017 	  -5.4406667378936104 
 -1.2162739838182324 	  -4.9279298395857083 
 -1.2447083734097946 	  -4.4102904519811581 
 -1.2814029335482133 	  -3.8847786333300043 
 -1.3303343271849055 	  -3.3457180878096318 
 -1.3981941026477038 	  -2.7810421990724850 
 -1.4962116498124927 	  -2.1609331283912150 
 -1.6366768451322422 	  -1.3926540490519230 
 -1.6766426013387641 	  -0.0545984398171343 
                 nan 	                  nan 
                 nan 	                  nan 
                 nan 	                  nan 
                 nan 	                  nan 
                -nan 	                 -nan 
                 nan 	                  nan 
                 nan 	                  nan 
                 nan 	                  nan 
                 nan 	                  nan 
                 nan 	                  nan 
                 nan 	                  nan 
  1.4154359619880212 	   0.8720165368364544 
  0.6704903784661214 	   2.1445141236337495 
  0.2863638916200623 	   2.8070082328403472 
  0.0556537106401812 	   3.3852193854229347 
 -0.1017349797748750 	   3.9389803835565202 
 -0.2173496805164140 	   4.4816551704353360 
 -0.3063982011794626 	   5.0176084701362926 
 -0.3772946334127326 	   5.5487512086953226 
 -0.4351519979633656 	   6.0761402391752330 
 -0.4832909311603908 	   6.6004654759171819 
 -0.5239768530382340 	   7.1222267631282641 
 -0.5588149774922005 	   7.6418090715330154 
 -0.5889775589247260 	   8.1595197702410651 
 -0.6153420747812079 	   8.6756097813655746 
 -0.1975525512170348 	  -9.1394928769146642 
 -0.2087098835567517 	  -8.6452405948354869 
 -0.2212418190931451 	  -8.1514383702677282 
 -0.2354262626967811 	  -7.6581277881750189 
 -0.2516232703713155 	  -7.1653492236321972 
 -0.2703084198526786 	  -6.6731363011023781 
 -0.2921241193231835 	  -6.1815048279782765 
 -0.3179613140351916 	  -5.6904306290851041 
 -0.3490950714455682 	  -5.1998041734906977 
 -0.3874208615428786 	  -4.7093340143386735 
 -0.4358913358057306 	  -4.2183291684517741 
 -0.4993841155459277 	  -3.7251676790721246 
 -0.5865867201424630 	  -3.2258452090090146 
 -0.7145643075801237 	  -2.7093226282067269 
 -0.9212016871928765 	  -2.1385070752706170 
 -1.2946619253820189 	  -1.3326700898351440 
 -0.3404451955994816 	   1.3453098452272412 
                 nan 	                  nan 
                 nan 	                  nan 
                -nan 	                 -nan 
                -nan 	                 -nan 
                -nan 	                 -nan 
                 nan 	                  nan 
                 nan 	                  nan 
                 nan 	                  nan 
                 nan 	                  nan 
  1.4760419760698733 	  -0.3524856450634363 
  1.2337482803797115 	   1.6676359242310053 
  0.9096627995181270 	   2.4582352453651959 
  0.7227977137776630 	   3.0756707822862484 
  0.6018250404861569 	   3.6417511411991259 
  0.5166794110104983 	   4.1858886415412231 
  0.4532298921904921 	   4.7183872867309669 
  0.4039793689388442 	   5.2437883062168433 
  0.3645656661516103 	   5.7644346088509364 
  0.3322675793038452 	   6.2816803487497053 
  0.3052937770664948 	   6.7963768177647763 
  0.2824137183107303 	   7.3090943822167000 
  0.2627524296015994 	   7.8202342693240716 
  0.2456697727633871 	   8.3300897067138155 
  0.2306860646272303 	   8.8388815981561457 
  0.7447782698500129 	  -9.2858603036583638 
  0.7325855574386176 	  -8.7983876705718806 
  0.7191112915687481 	  -8.3120739769659799 
  0.7041306782477991 	  -7.8270898862426987 
  0.6873600222136022 	  -7.3436418011821125 
  0.6684350705541146 	  -6.8619818671641148 
  0.6468786459263977 	  -6.3824215487024469 
  0.6220506560463038 	  -5.9053503217128647 
  0.5930678608231335 	  -5.4312617406978747 
  0.5586691239118908 	  -4.9607900560990448 
  0.5169764710202669 	  -4.4947611896648008 
  0.4650424324477621 	  -4.0342595567552424 
  0.3979184749722128 	  -3.5806938919739473 
  0.3065260508730032 	  -3.1357442255491339 
  0.1720561758162418 	  -2.7004938648292645 
 -0.0519203946842538 	  -2.2689939531012842 
 -0.5142360651765536 	  -1.7682959298109953 
 -1.3801924740658684 	   0.3236078434139570 
                 nan 	                  nan 
                 nan 	                  nan 
                -nan 	                 -nan 
                 nan 	                  nan 
                 nan 	                  nan 
                 nan 	                  nan 
                 nan 	                  nan 
  1.6957064315998442 	   0.1714531887561919 
  1.6273378792709778 	   1.4443322238044287 
  1.4895708392103921 	   2.1970021446010266 
  1.3939057962563817 	   2.8109420984092179 
  1.3274836270867370 	   3.3722121866518626 
  1.2794344231221235 	   3.9089617085489721 
  1.2433021810632860 	   4.4327054029566115 
  1.2152403201414599 	   4.9488964903841426 
  1.1928629406913769 	   5.4603989288781731 
  1.1746260239898103 	   5.9688376270431922 
  1.1594916029140030 	   6.4751913360709326 
  1.1467384206985374 	   6.9800783730509002 
  1.1358507710655503 	   7.4839050341528326 
  1.1264506992221712 	   7.9869471168787376 
  1.1182551891359247 	   8.4893970889486443 
  1.1110482892442135 	   8.9913924929775053 
  1.7107129039729332 	  -9.4140698503664062 
  1.6995501257896362 	  -8.9314488552722207 
  1.6874805337200727 	  -8.4503624328690066 
  1.6743852107735939 	  -7.9710262968323349 
  1.6601226769179247 	  -7.4936995702618088 
  1.6445221541847437 	  -7.0186967465046086 
  1.6273749989375006 	  -6.5464039705043371 
  1.6084224016591793 	  -6.0773017711488686 
  1.5873374625995340 	  -5.6119975947598890 
  1.5636982339491838 	  -5.1512737430763504 
  1.5369457524932226 	  -4.6961604201118954 
  1.5063162595471544 	  -4.2480513574541297 
  1.4707275326149138 	  -3.8088946658290244 
  1.4285812784026182 	  -3.3815218176777946 
  1.3774093720795502 	  -2.9702372786883080 
  1.3132328293571058 	  -2.5818972153785538 
  1.2294402588956999 	  -2.2278157595307064 
  1.1152001509036922 	  -1.9264596629087283 
  0.9559416223797252 	  -1.7034864347540442 
  0.7554738057479080 	  -1.5738681009672915 
  0.6493513385606200 	  -1.4943026167676654 
  0.9602426411317052 	  -1.3133462351017775 
  1.5571306993339777 	  -0.7794898428935543 
  1.9536742120276480 	  -0.0019933824626613 
  2.1075455389467650 	   0.7550543331658629 
  2.1455063070458626 	   1.4242812586120641 
  2.1420614260323130 	   2.0254417789700394 
  2.1265892055425049 	   2.5843440804193945 
  2.1093396093025825 	   3.1182256008956792 
  2.0935518631041554 	   3.6372770488058195 
  2.0800031369701770 	   4.1474102784583327 
  2.0686458721335397 	   4.6520953205586055 
  2.0591931068116396 	   5.1534118712907748 
  2.0513235864487247 	   5.6526339142242925 
  2.0447477989810698 	   6.1505582325766843 
  2.0392238161952414 	   6.6476918386163755 
  2.0345555935688804 	   7.1443618305610288 
  2.0305862291246450 	   7.6407814339779270 
  2.0271905665037093 	   8.1370904085145117 
  2.0242685364845912 	   8.6333804201225508 
  2.0217402131989113 	   9.1297111979249426 
  2.6947995741272130 	  -9.5234309946231708 
  2.6858646600591181 	  -9.0437206876246172 
  2.6764856389906466 	  -8.5656077003777256 
  2.6666459739874000 	  -8.0892822321616631 
  2.6563336760146989 	  -7.6149646103507367 
  2.6455440901107599 	  -7.1429111355174699 
  2.6342839750707654 	  -6.6734212082333038 
  2.6225775022314175 	  -6.2068460081809045 
  2.6104751417701664 	  -5.7435990069298963 
  2.5980669723322460 	  -5.2841685291673564 
  2.5855029170245332 	  -4.8291322981243683 
  2.5730241053044929 	  -4.3791730619680758 
  2.5610125859859840 	  -3.9350921043930014 
  2.5500719188987144 	  -3.4978114243730261 
  2.5411595948592880 	  -3.0683400981534166 
  2.5358014684484056 	  -2.6476438924602541 
  2.5364095511002196 	  -2.2362805143411975 
  2.5466303732005016 	  -1.8335494241475052 
  2.5713155287146874 	  -1.4359092322299192 
  2.6150944374002334 	  -1.0350937075662188 
  2.6786156433911938 	  -0.6182255702942900 
  2.7544974710473427 	  -0.1730648367729458 
  2.8287742683515713 	   0.3037775453522366 
  2.8889225155257932 	   0.8045455656760988 
  2.9301526238238229 	   1.3167686547123232 
  2.9545782222810013 	   1.8305118960897713 
  2.9670328352174620 	   2.3406921354890611 
  2.9720769516145302 	   2.8458692106102204 
  2.9729922568521099 	   3.3464287334861909 
  2.9718401872943296 	   3.8433717260993254 
  2.9698130719513429 	   4.3377360024691969 
  2.9675582133464897 	   4.8303892054382640 
  2.9654037124828148 	   5.3219910465423732 
  2.9634987981474938 	   5.8130182202826148 
  2.9618961454840722 	   6.3038039858363915 
  2.9605986175291799 	   6.7945755341507716 
  2.9595851447625550 	   7.2854838339037711 
  2.9588247895726036 	   7.7766261749304233 
  2.9582841148785528 	   8.2680624082515717 
  2.9579308734450653 	   8.7598265335513510 
  2.9577356792900162 	   9.2519348624903692 
  3.6918946909128332 	  -9.6146467876577120 
  3.6856490553230086 	  -9.1361687367206841 
  3.6793716726239940 	  -8.6591268953909140 
  3.6731130876449978 	  -8.1836493603803486 
  3.6669399172080417 	  -7.7098750723052776 
  3.6609392710120954 	  -7.2379533325487841 
  3.6552243072437109 	  -6.7680423585317957 
  3.6499411421106140 	  -6.3003063178467844 
  3.6452773050288165 	  -5.8349100064956536 
  3.6414718230920196 	  -5.3720099403741939 
  3.6388267520852517 	  -4.9117400719571034 
  3.6377194033231373 	  -4.4541895935119902 
  3.6386133950044357 	  -3.9993693575807332 
  3.6420645480603353 	  -3.5471625158399922 
  3.6487138521453923 	  -3.0972547219852369 
  3.6592534448957430 	  -2.6490416148153724 
  3.6743425803498027 	  -2.2015207313039613 
  3.6944442005229794 	  -1.7531997041944578 
  3.7195641546249343 	  -1.3020971357903968 
  3.7489376193748796 	  -0.8459564942307927 
  3.7808282016508872 	  -0.3827582263145760 
  3.8126899135509733 	   0.0885865845408029 
  3.8417954083507229 	   0.5677490345052613 
  3.8660563562130386 	   1.0530869809276489 
  3.8845443707627094 	   1.5423082677806608 
  3.8974622778632866 	   2.0332483554158025 
  3.9057325433980163 	   2.5243489865451321 
  3.9105286144946683 	   3.0147506300205698 
  3.9129522303178033 	   3.5041470249419908 
  3.9138873841546857 	   3.9925757061054830 
  3.9139757014224901 	   4.4802423785931742 
  3.9136501358467872 	   4.9674061090286763 
  3.9131853030381714 	   5.4543162983147147 
  3.9127447309396834 	   5.9411854607888133 
  3.9124179725324235 	   6.4281812115332082 
  3.9122474464438239 	   6.9154284960416010 
  3.9122467163564685 	   7.4030156741328090 
  3.9124125561272685 	   7.8910016752867689 
  3.9127326266594697 	   8.3794226180598663 
  3.9131902519304687 	   8.8682974604098721 
  3.9137672959518164 	   9.3576325582875590 
  4.6976259324069902 	  -9.6893921019681866 
  4.6940174592794364 	  -9.2108705092065613 
  4.6906733945413652 	  -8.7335065424233598 
  4.6876720847089670 	  -8.2573612887889816 
  4.6851072755294911 	  -7.7824918018057021 
  4.6830904434534526 	  -7.3089475734257148 
  4.6817530969899401 	  -6.8367656908510153 
  4.6812487584387030 	  -6.3659643180383139 
  4.6817541420594688 	  -5.8965341116770764 
  4.6834687619716000 	  -5.4284272133026183 
  4.6866118240429673 	  -4.9615436141064562 
  4.6914147893625451 	  -4.4957150714110918 
  4.6981075195741688 	  -4.0306875085943483 
  4.7068956200366747 	  -3.5661041259329402 
  4.7179268800873473 	  -3.1014934170484563 
  4.7312461736450739 	  -2.6362688137059993 
  4.7467422865274207 	  -2.1697493397226122 
  4.7640949450256862 	  -1.7012105636190764 
  4.7827414562851969 	  -1.2299726968795377 
  4.8018862645010039 	  -0.7555179154238691 
  4.8205748278462419 	  -0.2776113419702871 
  4.8378332228144334 	   0.2036195777125493 
  4.8528404078329359 	   0.6876907613419252 
  4.8650735362686932 	   1.1738643332560157 
  4.8743719782277095 	   1.6613136966859532 
  4.8809044697308375 	   2.1492873252430633 
  4.8850679793258962 	   2.6372178120001135 
  4.8873668272278179 	   3.1247583374291281 
  4.8883114643791590 	   3.6117614084580492 
  4.8883541053032769 	   4.0982280190501514 
  4.8878597915192312 	   4.5842518127538208 
  4.8871023919644569 	   5.0699718361155881 
  4.8862747940866162 	   5.5555395857064802 
  4.8855043601748749 	   6.0410985240531048 
  4.8848688915775131 	   6.5267734274165239 
  4.8844105200006185 	   7.0126664828709835 
  4.8841469357583804 	   7.4988573258279265 
  4.8840797420735225 	   7.9854050288022176 
  4.8842005291644792 	   8.4723510283692889 
  4.8844951112301764 	   8.9597222187071761 
  4.8849463941351230 	   9.4475338554700432 
  5.7085839746755775 	  -9.7498524047582880 
  5.7072723958733382 	  -9.2704306473045417 
  5.7063969432813559 	  -8.7918574752650311 
  5.7060352101821357 	  -8.3141403779755798 
  5.7062741491937068 	  -7.8372753497424377 
  5.7072099634241749 	  -7.3612432178245601 
  5.7089472974631139 	  -6.8860052391808084 
  5.7115973788260836 	  -6.4114979777192644 
  5.7152746620027761 	  -5.9376275901733218 
  5.7200914363296169 	  -5.4642638426109018 
  5.7261498147939580 	  -4.9912344724937032 
  5.7335305869847035 	  -4.5183209159319180 
  5.7422786925267539 	  -4.0452569158353731 
  5.7523856722361710 	  -3.5717320268438111 
  5.7637704894030026 	  -3.0974023413027316 
  5.7762615844885232 	  -2.6219105456767600 
  5.7895847600048134 	  -2.1449162712780492 
  5.8033625006100387 	  -1.6661351977988035 
  5.8171308246444244 	  -1.1853818473601236 
  5.8303759382238782 	  -0.7026070771995445 
  5.8425889782676048 	  -0.2179190411555067 
  5.8533288664368817 	   0.2684216743981693 
  5.8622789257519408 	   0.7560357581128617 
  5.8692824011956057 	   1.2444813336071650 
  5.8743481953500414 	   1.7333184389009066 
  5.8776278448801769 	   2.2221655821876194 
  5.8793732715296541 	   2.7107365415573077 
  5.8798883977970702 	   3.1988535900765771 
  5.8794859134046931 	   3.6864406745038849 
  5.8784556382800739 	   4.1735040069665423 
  5.8770461203559989 	   4.6601080776484194 
  5.8754568668108904 	   5.1463516967952394 
  5.8738394231928455 	   5.6323496575367740 
  5.8723022542104726 	   6.1182183089127706 
  5.8709180788872422 	   6.6040666420435086 
  5.8697313678780798 	   7.0899911030151337 
  5.8687653348677138 	   7.5760734431427332 
  5.8680277889332837 	   8.0623803915345853 
  5.8675158513607792 	   8.5489645135544272 
  5.8672195893641472 	   9.0358656786724083 
  5.8671247254877779 	   9.5231127751423426 
  6.7223000272483304 	  -9.7983411315949525 
  6.7228316836792041 	  -9.3175210663887800 
  6.7238694386199818 	  -8.8372645452993073 
  6.7254752283512103 	  -8.3575443113207104 
  6.7277138989199665 	  -7.8783200774919253 
  6.7306516680575772 	  -7.3995360276109574 
  6.7343538257222786 	  -6.9211182110915166 
  6.7388814809009521 	  -6.4429720177860537 
  6.7442871693942434 	  -5.9649800267856090 
  6.7506091857100321 	  -5.4870006583376716 
  6.7578646169065086 	  -5.0088682091176002 
  6.7660412650444721 	  -4.5303949907663172 
  6.7750889697563395 	  -4.0513763687324342 
  6.7849112825276103 	  -3.5715994346521751 
  6.7953589508289181 	  -3.0908557430201462 
  6.8062271191786792 	  -2.6089579139404457 
  6.8172583143642660 	  -2.1257589211878187 
  6.8281531775880362 	  -1.6411717416581553 
  6.8385888829646291 	  -1.1551857523283267 
  6.8482455507660589 	  -0.6678761041716410 
  6.8568355699023034 	  -0.1794026017223815 
  6.8641324102285548 	   0.3100034902105844 
  6.8699923905617046 	   0.8000632494623586 
  6.8743654264367100 	   1.2904804998857604 
  6.8772928995465152 	   1.7809729849044540 
  6.8788940092369470 	   2.2712986083824172 
  6.8793444169782223 	   2.7612728018492163 
  6.8788520267814564 	   3.2507756572861055 
  6.8776342807728978 	   3.7397498804988869 
  6.8759001341625892 	   4.2281924461914624 
  6.8738369291997561 	   4.7161417998627799 
  6.8716042121494185 	   5.2036657778543489 
  6.8693309287267468 	   5.6908492283720413 
  6.8671165238606928 	   6.1777843979460414 
  6.8650337317871584 	   6.6645634218926624 
  6.8631326174113889 	   7.1512733766040135 
  6.8614446949892285 	   7.6379931207714371 
  6.8599868973629672 	   8.1247917049276541 
  6.8587650888083038 	   8.6117278711615306 
  6.8577770272105756 	   9.0988502866939136 
  6.8570147701386652 	   9.5861982292523855 
  7.7371012346333279 	  -9.8370441617798150 
  7.7390197014726612 	  -9.3545958666421534 
  7.7414442877289895 	  -8.8724753058624017 
  7.7444167562772890 	  -8.3906372130115088 
  7.7479770845482214 	  -7.9090250302950302 
  7.7521615154089991 	  -7.4275697276256256 
  7.7570000699638149 	  -6.9461888677568631 
  7.7625134801410391 	  -6.4647861077539570 
  7.7687095461199807 	  -5.9832513805089844 
  7.7755790013949344 	  -5.5014620480846297 
  7.7830910825395332 	  -5.0192853467020413 
  7.7911891521011656 	  -4.5365824296488055 
  7.7997869011945253 	  -4.0532142322073970 
  7.8087658359208012 	  -3.5690492045007756 
  7.8179748797645034 	  -3.0839726669109231 
  7.8272329343964406 	  -2.5978971463808356 
  7.8363350547849144 	  -2.1107726127620277 
  7.8450624096414510 	  -1.6225951228895483 
  7.8531961141041720 	  -1.1334122841181202 
  7.8605319628996950 	  -0.6433238694028308 
  7.8668975642148249 	  -0.1524768566841266 
  7.8721650512019270 	   0.3389449162082195 
  7.8762612963697221 	   0.8307358119493399 
  7.8791714728247468 	   1.3226855090691678 
  7.8809366505126670 	   1.8145959181828377 
  7.8816459271232695 	   2.3062954342389861 
  7.8814247597162685 	   2.7976488420995866 
  7.8804217509377317 	   3.2885623283834144 
  7.8787949959023234 	   3.7789831766775870 
  7.8767014330045662 	   4.2688966364810721 
  7.8742877323097229 	   4.7583194753697571 
  7.8716845428779774 	   5.2472927203167199 
  7.8690034742445993 	   5.7358743646405097 
  7.8663359247206959 	   6.2241324821233315 
  7.8637539138965247 	   6.7121397312662818 
  7.8613116864313879 	   7.1999689046534918 
  7.8590479614051336 	   7.6876897456567583 
  7.8569883799975964 	   8.1753668235034009 
  7.8551479130745570 	   8.6630582786901567 
  7.8535330795512657 	   9.1508152396431139 
  7.8521438979427653 	   9.6386817282161257 
  8.7519255160698108 	  -9.8678850327087204 
  8.7548282730894194 	  -9.3837589169089686 
  8.7581959565561966 	  -8.8997795514010001 
  8.7620515274356414 	  -8.4158956192532575 
  8.7664135353998294 	  -7.9320474191290735 
  8.7712943575921560 	  -7.4481666575215186 
  8.7766981549066312 	  -6.9641765936637006 
  8.7826185833377437 	  -6.4799926676592614 
  8.7890363425703786 	  -5.9955237544587217 
  8.7959167021230797 	  -5.5106741847221983 
  8.8032072146582632 	  -5.0253466498779567 
  8.8108358997869569 	  -4.5394460535920347 
  8.8187102471032688 	  -4.0528842777090679 
  8.8267174251730207 	  -3.5655856949674996 
  8.8347260701139430 	  -3.0774930897230135 
  8.8425899367603051 	  -2.5885734695046829 
  8.8501535197321495 	  -2.0988230802244021 
  8.8572594765812429 	  -1.6082708701419728 
  8.8637573401430316 	  -1.1169796710930247 
  8.8695129961004717 	  -0.6250445911582727 
  8.8744169535546611 	  -0.1325883830165613 
  8.8783917638308729 	   0.3602457359296690 
  8.8813973474201280 	   0.8533037504412162 
  8.8834309173088482 	   1.3464304399825693 
  8.8845264610349641 	   1.8394796992450257 
  8.8847500401019488 	   2.3323230345772448 
  8.8841920978827797 	   2.8248551937936464 
  8.8829610426898284 	   3.3169985129694926 
  8.8811744118176605 	   3.8087033618331576 
  8.8789518847292044 	   4.2999470124116019 
  8.8764089929752323 	   4.7907304448532155 
  8.8736528683248501 	   5.2810745257908938 
  8.8707789119619793 	   5.7710153095861392 
  8.8678693532435062 	   6.2605997079620614 
  8.8649926994942252 	   6.7498813915586409 
  8.8622041217480252 	   7.2389173214023472 
  8.8595464262156867 	   7.7277649504265673 
  8.8570513769055168 	   8.2164800940888441 
  8.8547411807175358 	   8.7051154120373653 
  8.8526299963938122 	   9.1937194131146533 
  8.8507253738023444 	   9.6823358857177624 
  9.7661466743049079 	  -9.8924789387010872 
  9.7697055120965892 	  -9.4067349254638621 
  9.7736682000107891 	  -8.9210066369523737 
  9.7780426950592503 	  -8.4352440030101192 
  9.7828315250133961 	  -7.9493914482324799 
  9.7880304416869972 	  -7.4633882464332002 
  9.7936269791219939 	  -6.9771692004720229 
  9.7995989781624022 	  -6.4906657171694535 
  9.8059131682283205 	  -6.0038073398666825 
  9.8125239294313698 	  -5.5165237827702098 
  9.8193723898639202 	  -5.0287474783693424 
  9.8263860382161994 	  -4.5404165997896957 
  9.8334790430479817 	  -4.0514784541244078 
  9.8405534580208034 	  -3.5618930645429310 
  9.8475014494401929 	  -3.0716366746661774 
  9.8542085974911640 	  -2.5807048495297420 
  9.8605582156795677 	  -2.0891147761002955 
  9.8664364758413647 	  -1.5969064140774905 
  9.8717379920794155 	  -1.1041421743167326 
  9.8763713808557032 	  -0.6109049757317655 
  9.8802642126727402 	  -0.1172946748312477 
  9.8833673581530874 	   0.3765769069792100 
  9.8856563950161700 	   0.8705918489405791 
  9.8871333275196740 	   1.3646324998938717 
  9.8878248394634127 	   1.8585875357160357 
  9.8877796629297467 	   2.3523572928295118 
  9.8870646054310871 	   2.8458578704712352 
  9.8857597559170092 	   3.3390237409843695 
  9.8839535182573925 	   3.8318088893712634 
  9.8817380039800629 	   4.3241866380068830 
  9.8792044583427021 	   4.8161481100512029 
  9.8764401154492081 	   5.3077001711170517 
  9.8735255104587356 	   5.7988627141963303 
  9.8705327709776576 	   6.2896658094802387 
  9.8675246787970945 	   6.7801469071089082 
  9.8645543782150540 	   7.2703482656780452 
  9.8616655857842765 	   7.7603147123127458 
  9.8588931583813633 	   8.2500917839321346 
  9.8562638918874654 	   8.7397242563496711 
  9.8537974448104340 	   9.2292550382491552 
  9.8515073050306814 	   9.7187243892523476 
 10.7794321562655444 	  -9.9121405504698306 
 10.7833931940108432 	  -9.4248973481783729 
 10.7876910116363316 	  -8.9375798383564149 
 10.7923227637034014 	  -8.4501429774469425 
 10.7972801663787994 	  -7.9625385684522740 
 10.8025485778155677 	  -7.4747158644889398 
 10.8081060919506360 	  -6.9866224227115454 
 10.8139227030501157 	  -6.4982052363986922 
 10.8199596138637073 	  -6.0094121607061846 
 10.8261687744348798 	  -5.5201936284683804 
 10.8324927488203340 	  -5.0305046259219761 
 10.8388650098766615 	  -4.5403068648235445 
 10.8452107542090062 	  -4.0495710491548893 
 10.8514483075896777 	  -3.5582790936473185 
 10.8574911494548232 	  -3.0664261254380003 
 10.8632505379730606 	  -2.5740220564469301 
 10.8686386389310865 	  -2.0810925426768909 
 10.8735719999232785 	  -1.5876791427736781 
 10.8779751398621709 	  -1.0938385581683310 
 10.8817839794227815 	  -0.5996409091404589 
 10.8849488207548379 	  -0.1051671052309256 
 10.8874366079157241 	   0.3894945309431707 
 10.8892322612960655 	   0.8842521405759141 
 10.8903389711079850 	   1.3790143960948045 
 10.8907774360989276 	   1.8736944276806884 
 10.8905841423545393 	   2.3682133033331239 
 10.8898088965917577 	   2.8625028235389505 
 10.8885118673803714 	   3.3565074792754519 
 10.8867603830597712 	   3.8501855169292596 
 10.8846257479106736 	   4.3435091401702524 
 10.8821802947829482 	   4.8364639714986746 
 10.8794948363401982 	   5.3290479143152085 
 10.8766366016710485 	   5.8212696074293104 
 10.8736676936621084 	   6.3131466398385987 
 10.8706440515888509 	   6.8047036826145737 
 10.8676148693155117 	   7.2959706633077461 
 10.8646223986904360 	   7.7869810747064827 
 10.8617020589804323 	   8.2777704772258751 
 10.8588827737137752 	   8.7683752258390228 
 10.8561874631011968 	   9.2588314298674224 
 10.8536336305712773 	   9.7491741374557730 
                -nan 	                 -nan 
                -nan 	                 -nan 
 11.8002580091974725 	  -8.9505891146790724 
 11.8049659361515804 	  -8.4616867259329709 
 11.8099207762043239 	  -7.9725730241250758 
 11.8151021451957963 	  -7.4832072772393792 
 11.8204836645623530 	  -6.9935488127977248 
 11.8260325640827855 	  -6.5035580277451528 
 11.8317094426998253 	  -6.0131975687595087 
 11.8374682421506208 	  -5.5224336614754046 
 11.8432564885047142 	  -5.0312375493930324 
 11.8490158516538102 	  -4.5395869834758464 
 11.8546830608906077 	  -4.0474676834514707 
 11.8601911962371016 	  -3.5548746704850016 
 11.8654713419719222 	  -3.0618133774084080 
 11.8704545706190689 	  -2.5683003925647516 
 11.8750741668005446 	  -2.0743637689415513 
 11.8792679848434517 	  -1.5800427917166440 
 11.8829807933328446 	  -1.0853871703269691 
 11.8861664480350910 	  -0.5904556459753785 
 11.8887897307365886 	  -0.0953140765569305 
 11.8908277121154864 	   0.3999669003072282 
 11.8922705313679717 	   0.8953144797753184 
 11.8931215347313763 	   1.3906563990280081 
 11.8933967726129737 	   1.8859235559439651 
 11.8931239112813785 	   2.3810523666368772 
 11.8923406618071166 	   2.8759867247385325 
 11.8910928641714992 	   3.3706794565482610 
 11.8894323766336285 	   3.8650932350318894 
 11.8874149235112636 	   4.3592009432368215 
 11.8850980269286914 	   4.8529855576203520 
 11.8825391400727352 	   5.3464395922952086 
 11.8797940459037115 	   5.8395642310254763 
 11.8769155669084299 	   6.3323682330661866 
 11.8739525962388512 	   6.8248667135955365 
 11.8709494377918823 	   7.3170798842884990 
 11.8679454256187764 	   7.8090318236881240 
 11.8649747825222089 	   8.3007493294707029 
 11.8620666729429338 	   8.7922608876307144 
                -nan 	                 -nan 
                -nan 	                 -nan 
                -nan 	                 -nan 
                -nan 	                 -nan 
                -nan 	                 -nan 
                -nan 	                 -nan 
                -nan 	                 -nan 
 12.8259561609884596 	  -7.4896177458768891 
 12.8310864630312764 	  -6.9986549833437079 
 12.8363138468436659 	  -6.5073687957705184 
 12.8416009191492737 	  -6.0157332015026013 
 12.8469056303399221 	  -5.5237260188495547 
 12.8521816658351558 	  -5.0313298769532917 
 12.8573790607218275 	  -4.5385332092459461 
 12.8624450499646734 	  -4.0453311713392228 
 12.8673251478503197 	  -3.5517264314602888 
 12.8719644442857035 	  -3.0577297447456546 
 12.8763090690913113 	  -2.5633602751497571 
 12.8803077710596572 	  -2.0686455940191464 
 12.8839135332827279 	  -1.5736213207231384 
 12.8870851335832715 	  -1.0783304026720699 
 12.8897885586715919 	  -0.5828220225853316 
 12.8919981760024420 	  -0.0871502018202961 
 12.8936975871522925 	   0.4086278444930950 
 12.8948801043342645 	   0.9044535159059705 
 12.8955488189179626 	   1.4002686872991785 
 12.8957162638841307 	   1.8960175064520253 
 12.8954037023477426 	   2.3916480327760326 
 12.8946400972870077 	   2.8871136444117784 
 12.8934608436243074 	   3.3823741237788156 
 12.8919063472773576 	   3.8773964109285668 
 12.8900205423718486 	   4.3721550050017868 
 12.8878494316379371 	   4.8666320283747559 
 12.8854397149079034 	   5.3608170081657125 
 12.8828375688620405 	   5.8547063993757575 
 12.8800876067930918 	   6.3483029310735581 
 12.8772320406341283 	   6.8416148243841777 
 12.8743100478318819 	   7.3346549409316699 
                -nan 	                 -nan 
                -nan 	                 -nan 
                -nan 	                 -nan 
                -nan 	                 -nan 
                -nan 	                 -nan 
                -nan 	                 -nan 
                -nan 	                 -nan 
                -nan 	                 -nan 
                -nan 	                 -nan 
                -nan 	                 -nan 
                -nan 	                 -nan 
                -nan 	                 -nan 
                -nan 	                 -nan 
                -nan 	                 -nan 
 13.8548559800626681 	  -5.5243852038187331 
 13.8596585756269892 	  -5.0310228899593117 
 13.8643514420478553 	  -4.5373097865283949 
 13.8688908232241488 	  -4.0432468591350643 
 13.8732323781208766 	  -3.5488410550806457 
 13.8773321694929006 	  -3.0541055931336292 
 13.8811477432666539 	  -2.5590600533723538 
 13.8846392540158963 	  -2.0637302466549201 
 13.8877705873903068 	  -1.5681478362657169 
 13.8905104180216057 	  -1.0723497457325015 
 13.8928331548012860 	  -0.5763772983183070 
 13.8947197086151881 	  -0.0802751950962850 
 13.8961580446864019 	   0.4159096582165243 
 13.8971434855463478 	   0.9121294384016277 
 13.8976787451207269 	   1.4083367214338605 
 13.8977736977887645 	   1.9044857424040933 
 13.8974449024596893 	   2.4005335559492789 
 13.8967149081036094 	   2.8964410786140249 
 13.8956113961129351 	   3.3921738955512239 
 13.8941662033197950 	   3.8877028743323852 
 13.8924142853133166 	   4.3830045399018305 
 13.8903926712643511 	   4.8780612269625969 
 13.8881394594715459 	   5.3728610205384060 
                -nan 	                 -nan 
                -nan 	                 -nan 
                -nan 	                 -nan 
                -nan 	                 -nan 
                -nan 	                 -nan 
                -nan 	                 -nan 
                -nan 	                 -nan 
                -nan 	                 -nan 
                -nan 	                 -nan 
                -nan 	                 -nan 
                -nan 	                 -nan 
                -nan 	                 -nan 
                -nan 	                 -nan 
                -nan 	                 -nan 
                -nan 	                 -nan 
                -nan 	                 -nan 
                -nan 	                 -nan 
                -nan 	                 -nan 
                -nan 	                 -nan 
                -nan 	                 -nan 
                -nan 	                 -nan 
                -nan 	                 -nan 
                -nan 	                 -nan 
                -nan 	                 -nan 
                -nan 	                 -nan 
                -nan 	                 -nan 
 14.8910215506933312 	  -1.5634278871656364 
 14.8934116220609525 	  -1.0672167244872568 
 14.8954286371784708 	  -0.5708636707160296 
 14.8970580937862334 	  -0.0744060394114635 
 14.8982909612759045 	   0.4221172786929367 
 14.8991238812194471 	   0.9186667664720802 
 14.8995591828156027 	   1.4152032486350363 
                -nan 	                 -nan 
                -nan 	                 -nan 
                -nan 	                 -nan 
                -nan 	                 -nan 
                -nan 	                 -nan 
                -nan 	                 -nan 
                -nan 	                 -nan 
                -nan 	                 -nan 
                -nan 	                 -nan 
                -nan 	                 -nan 
                -nan 	                 -nan 
                -nan 	                 -nan 
                -nan 	                 -nan 
                -nan 	                 -nan 
                -nan 	                 -nan 
                -nan 	                 -nan 
                -nan 	                 -nan 
                -nan 	                 -nan 
                -nan 	                 -nan 
                -nan 	                 -nan 
                -nan 	                 -nan 
                -nan 	                 -nan 
                -nan 	                 -nan 
                -nan 	                 -nan 
                -nan 	                 -nan 
                -nan 	                 -nan 
                -nan 	                 -nan 
                -nan 	                 -nan 
                -nan 	                 -nan 
                -nan 	                 -nan 
                -nan 	                 -nan 
                -nan 	                 -nan 
                -nan 	                 -nan 
                -nan 	                 -nan 
                -nan 	                 -nan 
                -nan 	                 -nan 
                -nan 	                 -nan 
                -nan 	                 -nan 
                -nan 	                 -nan 
                -nan 	                 -nan 
                -nan 	                 -nan 
                -nan 	                 -nan 
                -nan 	                 -nan 
                -nan 	                 -nan 
                -nan 	                 -nan 
                -nan 	                 -nan 
                -nan 	                 -nan 
                -nan 	                 -nan 
                -nan 	                 -nan 
                -nan 	                 -nan 
                -nan 	                 -nan 
                -nan 	                 -nan 
                -nan 	                 -nan 
                -nan 	                 -nan 
                -nan 	                 -nan 
                -nan 	                 -nan 
                -nan 	                 -nan 
                -nan 	                 -nan 
                -nan 	                 -nan 
                -nan 	                 -nan 
                -nan 	                 -nan 
                -nan 	                 -nan 
                -nan 	                 -nan 
                -nan 	                 -nan 
                -nan 	                 -nan 
                -nan 	                 -nan 
                -nan 	                 -nan 
                -nan 	                 -nan 
                -nan 	                 -nan 
                -nan 	                 -nan 
                -nan 	                 -nan 
                -nan 	                 -nan 
                -nan 	                 -nan 
                -nan 	                 -nan 
                -nan 	                 -nan 
                -nan 	                 -nan 
                -nan 	                 -nan 
                -nan 	                 -nan 
                -nan 	                 -nan 
                -nan 	                 -nan 
                -nan 	                 -nan 
                -nan 	                 -nan 
                -nan 	                 -nan 
                -nan 	                 -nan 
                -nan 	                 -nan 
                -nan 	                 -nan 
                -nan 	                 -nan 
                -nan 	                 -nan 
                -nan 	                 -nan 
                -nan 	                 -nan 
                -nan 	                 -nan 
                -nan 	                 -nan 
                -nan 	                 -nan 
                -nan 	                 -nan 
                -nan 	                 -nan 
                -nan 	                 -nan 
                -nan 	                 -nan 
                -nan 	                 -nan 
                -nan 	                 -nan 
                -nan 	                 -nan 
                -nan 	                 -nan 
                -nan 	                 -nan 
                -nan 	                 -nan 
                -nan 	                 -nan 
                -nan 	                 -nan 
                -nan 	                 -nan 
                -nan 	                 -nan 
                -nan 	                 -nan 
                -nan 	                 -nan 
                -nan 	                 -nan 
                -nan 	                 -nan 
                -nan 	                 -nan 
                -nan 	                 -nan 
                -nan 	                 -nan 
                -nan 	                 -nan 
                -nan 	                 -nan 
                -nan 	                 -nan 
                -nan 	                 -nan 
                -nan 	                 -nan 
                -nan 	                 -nan 
                -nan 	                 -nan 
                -nan 	                 -nan 
                -nan 	                 -nan 
                -nan 	                 -nan 
                -nan 	                 -nan 
                -nan 	                 -nan 
                -nan 	                 -nan 
                -nan 	                 -nan 
                -nan 	                 -nan 
                -nan 	                 -nan 
                -nan 	                 -nan 
                -nan 	                 -nan 
                -nan 	                 -nan 
                -nan 	                 -nan 
                -nan 	                 -nan 
                -nan 	                 -nan 
                -nan 	                 -nan 
                -nan 	                 -nan 
                -nan 	                 -nan 
                -nan 	                 -nan 
                -nan 	                 -nan 
                -nan 	                 -nan 
                -nan 	                 -nan 
                -nan 	                 -nan 
                -nan 	                 -nan 
                -nan 	                 -nan 
                -nan 	                 -nan 
                -nan 	                 -nan 
                -nan 	                 -nan 
                -nan 	                 -nan 
                -nan 	                 -nan 
                -nan 	                 -nan 
                -nan 	                 -nan 
                -nan 	                 -nan 
                -nan 	                 -nan 
                -nan 	                 -nan 
                -nan 	                 -nan 
                -nan 	                 -nan 
                -nan 	                 -nan 
                -nan 	                 -nan 
                -nan 	                 -nan 
                -nan 	                 -nan 
                -nan 	                 -nan 
                -nan 	                 -nan 
                -nan 	                 -nan 
                -nan 	                 -nan 
                -nan 	                 -nan 
                -nan 	                 -nan 
                -nan 	                 -nan 
                -nan 	                 -nan 
                -nan 	                 -nan 
                -nan 	                 -nan 
                -nan 	                 -nan 
                -nan 	                 -nan 
                -nan 	                 -nan 
                -nan 	                 -nan 
                -nan 	                 -nan 
                -nan 	                 -nan 
                -nan 	                 -nan 
                -nan 	                 -nan 
                -nan 	                 -nan 
                -nan 	                 -nan 
                -nan 	                 -nan 
                -nan 	                 -nan 
                -nan 	                 -nan 
                -nan 	                 -nan 
                -nan 	                 -nan 
                -nan 	                 -nan 
                -nan 	                 -nan 
                -nan 	                 -nan 
                -nan 	                 -nan 
                -nan 	                 -nan 
                -nan 	                 -nan 
                -nan 	                 -nan 
                -nan 	                 -nan 
                -nan 	                 -nan 
                -nan 	                 -nan 
                -nan 	                 -nan 
                -nan 	                 -nan 
                -nan 	                 -nan 
                -nan 	                 -nan 
                -nan 	                 -nan 
                -nan 	                 -nan 
                -nan 	                 -nan 
                -nan 	                 -nan 
                -nan 	                 -nan 
                -nan 	                 -nan 
                -nan 	                 -nan 
                -nan 	                 -nan 
                -nan 	                 -nan 
                -nan 	                 -nan 
                -nan 	                 -nan 
                -nan 	                 -nan 
                -nan 	                 -nan 
                -nan 	                 -nan 
                -nan 	                 -nan 
                -nan 	                 -nan 
                -nan 	                 -nan 
                -nan 	                 -nan 
                -nan 	                 -nan 
                -nan 	                 -nan 
                -nan 	                 -nan 
